image_width: 640
image_height: 480
camera_name: head_camera
camera_matrix:
  rows: 3
  cols: 3
  data: [821.2603978015466, 0, 356.5300145079722, 0, 827.1728230278438, 214.0856716248049, 0, 0, 1]
distortion_model: plumb_bob
distortion_coefficients:
  rows: 1
  cols: 5
  data: [0.08443675788583405, -0.6999806854820038, -0.003628374015226941, 0.006938083070360655, 0]
rectification_matrix:
  rows: 3
  cols: 3
  data: [1, 0, 0, 0, 1, 0, 0, 0, 1]
projection_matrix:
  rows: 3
  cols: 4
  data: [814.8928833007812, 0, 360.847695399234, 0, 0, 829.0008544921875, 213.0296987560541, 0, 0, 0, 1, 0]